8777
2361
4823
8090
9150
2144
5775
2096
8394
7259
4721
5632
1735
3141
3735
3043
4720
5447
5999
8533
4180
1864
3438
9638
9020
904
3257
9431
5781
3236
3081
784
7985
4161
3375
9858
1873
5585
3945
5972
5600
7215
1049
1550
8214
341
2503
1268
9592
5142
5516
6461
6057
2716
2467
3183
6590
2452
8005
1661
4327
9516
2448
9533
5693
2787
7531
5085
4090
5210
5225
2249
3463
1376
8754
1593
8660
5090
7587
201
7454
6233
3581
8769
8450
9262
8689
5076
8517
4689
6267
9173
9869
4227
3518
4296
7873
6850
9954
6553
628
1548
1802
4742
9757
6803
2945
4100
3420
5714
7854
5788
3068
6611
9171
276
1385
268
4001
5236
4376
9582
7371
5708
1981
1633
6288
3196
5211
2852
6320
4678
4992
7926
8950
1673
9939
947
8741
3366
3975
5237
8341
6272
5325
5194
3359
558
6132
3431
8521
5662
9844
6425
8853
6246
2061
6700
7509
7131
8718
2929
5688
4818
6862
6278
5037
7887
1847
3092
5138
9760
9623
5189
4552
7033
5348
9205
3283
178
5808
9570
1535
5677
1742
9492
498
4121
6713
8881
5099
9054
7909
2190
308
1040
7793
1244
4800
8397
3999
3627
4166
5661
1636
8934
2960
8630
1252
5479
1707
8459
9810
65
7007
4000
2392
4042
6264
2920
8479
1882
1492
6610
7657
9485
312
5075
9166
7948
5512
5760
1501
6833
7136
2776
8482
5993
5868
6306
1814
8424
9506
4667
8626
2343
1171
7456
867
6328
9699
6039
6712
3524
6774
3743
2639
4114
7151
5940
9700
9924
198
7939
2037
7891
8938
8413
7952
1317
4939
3156
7027
5381
7264
6008
973
4325
9111
2205
7245
3971
3126
2969
7423
482
8572
8733
3213
9813
5257
5466
4565
3634
7519
2021
8016
8312
6017
5485
8022
1522
5968
7407
9503
2998
8359
6900
5318
4641
1205
1820
3997
9615
3108
5008
2322
9190
7703
7481
6388
584
5711
3165
3503
2574
131
5837
8805
3731
7098
355
1491
8668
2225
5989
8899
4747
9940
6952
7145
3677
653
8600
456
8649
2196
8768
6359
3021
3388
758
9439
1168
8779
2533
391
3172
2353
3657
6815
7255
9520
1226
2483
4298
3499
8404
5791
6599
7594
4661
1200
5310
394
3087
1282
7438
4329
4810
7929
5169
4472
1415
2473
3839
3441
7139
6643
5407
9843
8567
9956
4489
7339
2704
2868
1991
5126
9211
5612
4629
5011
8755
7354
1629
2459
4860
1223
1694
7217
4291
6517
2909
1305
8770
2198
8338
6584
3570
6478
3227
1946
2610
6839
6014
5151
6228
3370
5890
4021
798
575
654
3780
4892
6917
9827
3089
8183
3649
6438
6384
3090
2054
1047
1762
5423
3832
2849
4927
9012
3233
8488
8344
3052
5017
7104
4886
6848
3991
6510
5556
6001
3955
1544
6345
6035
6056
2283
3041
6166
8771
9449
257
4652
4469
8055
6704
7963
9227
3660
9198
7216
1329
8299
9536
1944
7785
3056
7128
8998
7101
2621
5759
7422
6106
3874
6922
6146
5231
8286
9117
8249
5592
3688
2830
3628
6473
1358
4806
8694
4782
7135
3860
5991
1856
2878
8115
1703
1231
5723
7212
5139
2678
2622
145
1714
7092
8565
6886
5453
9846
6947
5614
3200
4302
347
7829
4596
8399
3690
5602
2680
5743
7192
4310
2588
4969
595
88
6620
2379
4293
1507
9280
8349
7157
3597
6464
8106
3205
1189
4568
1360
8199
3633
6807
481
3439
8695
3133
9303
9594
4446
6424
8460
2510
9572
5965
7054
7341
8074
5110
4164
1971
5538
929
4212
1911
6439
1421
2570
1010
209
3666
8707
773
5087
7691
7105
6894
9716
7158
6443
3155
6159
7768
9717
4271
8221
6999
4687
2230
1874
7728
3540
6098
9712
871
7734
4407
6297
7710
1606
3894
8015
1779
1109
8579
9849
1328
7130
4983
4566
671
8832
7097
804
4382
1806
9689
3378
3022
3776
117
4112
130
611
9641
7581
2812
2233
6006
3180
8298
2656
3033
1389
6753
1387
8724
6789
4172
5922
614
7622
1926
2897
8831
9332
9067
620
142
680
2542
2764
5191
1514
1840
6583
7061
9839
4246
1441
4476
591
6764
4353
3150
5067
2295
884
7003
772
81
6101
3357
7541
8742
2303
8826
6135
2797
2901
4240
6494
6501
6291
3672
7002
1854
4260
7225
7526
4528
2511
8953
6912
9093
9748
2707
7554
5137
7869
3709
6347
448
2491
767
5402
3645
5095
3870
1271
3364
6196
8984
9266
7162
1029
1761
80
2690
7618
5683
2719
587
4262
2735
9375
7289
1044
7896
5405
5208
8153
1728
6009
9378
6762
3970
8641
9602
942
4964
9336
5977
6666
3046
1918
9922
2211
9415
2271
3833
3245
2624
8992
9279
1498
291
1871
3144
834
1154
9546
2990
3547
6044
601
7721
6244
7774
6829
5129
9316
1449
5492
2528
6294
1435
5224
6344
9339
6910
9116
4463
9236
1085
9745
551
8444
53
9643
1723
2939
1877
5309
4941
751
1409
2829
2563
1424
5793
2527
6637
6504
4724
3553
3220
3810
8965
4676
168
8408
9684
1277
1246
7754
540
3226
8182
7996
3412
1697
7600
2674
6194
1412
7804
6913
1511
6075
1294
6505
4200
4458
3363
635
226
1326
2877
6334
8044
2666
8166
7880
1592
8396
2089
2689
7187
7786
5280
7183
9313
1843
8327
9765
1452
704
5540
7036
8857
5241
9432
5527
9491
6100
2512
8964
7652
6258
9902
4796
1216
8417
4028
7807
5334
4242
1214
2777
1463
1263
7460
9549
6279
1276
5155
8233
3922
800
2440
7582
2956
6746
8247
1204
7334
9060
1118
765
5117
2346
1994
567
4228
6557
5215
4946
3967
7448
7696
6941
6289
3317
5946
9666
6024
4962
9980
3741
6731
7945
8593
92
8360
3624
3511
473
731
2949
8121
4636
5250
7748
8432
146
3243
8361
3806
6455
2223
4650
769
2963
698
9407
3083
3016
6448
2281
8932
6095
4355
7361
7719
180
7558
829
388
3238
5304
9102
7653
7362
3453
5261
8972
258
1945
2109
8012
6651
4348
8772
8225
2192
8553
5248
9901
68
4725
7512
4765
3049
4106
5422
2504
4280
204
5297
7057
6118
5176
2749
89
5217
7419
6595
4388
730
2591
3632
5495
8328
3755
5065
2372
9675
485
9976
7573
8797
8445
524
6928
750
678
5177
2545
4936
4130
5103
2336
2944
7684
9380
1977
2703
5168
736
5625
3014
6937
9967
6332
8291
4766
9937
791
5408
7173
4644
1893
5757
3528
3310
1256
3745
4581
922
7865
3905
3902
7928
5480
8428
444
2908
2296
8112
4119
4491
4245
3015
6367
1927
5834
685
7656
243
4730
5080
2237
1339
3819
136
9343
9604
2904
4713
8962
2660
9852
8661
7141
7387
1382
1299
6563
8862
6186
7373
1589
4658
5401
2590
1068
8760
2193
3058
2800
9438
3377
5558
9315
8670
4752
941
6755
1574
7439
2251
8226
2478
9251
5028
8238
2242
7744
8276
9532
3307
2330
3766
2047
9222
1525
5790
9440
8230
670
231
516
8807
8576
2256
2212
6413
1495
8738
8749
3653
5249
9087
1600
7617
9293
1933
6535
5567
6800
1892
439
7914
431
9442
789
4717
6946
2084
8607
5883
8089
8405
3338
5470
192
1402
5742
5342
9095
302
2869
9732
6636
3779
7893
4695
7937
188
2340
6865
9409
3044
651
9259
7413
5198
9942
8371
2041
9605
3827
8210
8880
4932
9178
6580
4450
3556
697
8671
9124
1058
6147
1786
9943
3484
6793
1778
811
8400
9719
6756
2811
4670
9038
3448
3232
6880
6462
386
3114
3342
2760
3260
3939
6844
8619
8757
7070
2090
3185
7836
3247
2088
5179
4953
8381
2578
1423
3515
8468
1634
2362
3275
3414
4928
4425
5481
1190
2127
7178
7222
4839
2236
6211
6724
4020
663
1443
5122
6552
5992
9169
2805
9423
4543
8756
7120
4608
7677
6379
8393
7738
833
3954
9401
7436
2215
3593
9935
6257
1957
3541
2517
7670
449
1749
7437
8025
2892
2642
153
8839
3910
7606
2515
6856
8963
6607
520
801
6816
4630
6207
2813
1595
9731
5288
139
2831
1230
8905
2062
5195
9951
6843
1312
271
9348
6566
2657
3242
402
4087
3604
2398
1069
309
5616
9213
4372
5535
5461
3229
5010
3670
4331
416
8690
9472
2784
2677
8126
8128
508
1532
183
9938
5484
227
2194
8227
4573
7499
6482
3526
8859
6409
4461
7189
6397
945
7249
5359
648
143
2613
5343
1865
1546
7420
6115
3887
513
7881
9609
1669
8909
1904
9909
4029
2720
9288
7984
2993
7648
5794
5701
5973
5959
2428
8838
3623
5854
8330
7946
1672
979
6842
9756
1781
9300
7830
3140
9973
137
5156
3261
4457
9738
4322
327
8809
7268
8057
8241
6992
2102
5104
1404
2582
8437
6769
4117
392
5680
2717
6338
4772
4550
5094
3305
3315
8691
8893
9597
3869
279
4832
699
677
1259
876
7576
3263
2325
1952
8127
5705
6890
7203
7237
2363
4628
1021
880
132
5869
4373
4367
4850
4232
6859
2083
2823
1713
4108
2098
9394
3202
6855
4297
7644
5737
5502
5998
9568
923
8099
5397
7269
9434
8989
8277
1954
2397
4338
8401
6402
1516
1956
5586
6879
5164
4859
4154
2653
8787
7071
3326
2882
3429
7311
1111
4303
3880
7138
986
3912
4371
3691
2319
8924
8942
7117
7840
6825
1278
4190
4213
924
1436
3615
5415
3773
1430
5396
1461
909
4462
1784
9657
3337
1895
1191
2191
3005
2012
1771
2957
5207
4529
950
7376
270
2905
3557
2476
3055
224
9368
1534
3432
3559
4249
8906
843
6416
2200
6080
4875
6484
141
6656
205
1780
1048
152
2016
7224
1485
5819
5511
3447
2662
4159
8104
7886
928
6733
7455
8452
7787
3478
4537
6376
6971
2074
5128
4336
4869
1620
6709
6542
7077
6574
3300
233
5997
2388
7344
1162
3564
8465
2645
4292
6870
593
8993
7451
6082
7483
2394
2130
9534
2007
627
500
2921
3812
60
1459
7967
3620
4075
9774
8578
9688
8040
8348
6256
1691
3072
466
9157
531
4779
9278
1619
2629
4521
8282
6624
9710
3091
5081
604
7592
555
1680
9244
9647
7012
6589
8496
1705
2208
5200
5368
7500
726
4369
768
3873
6442
4783
2382
9543
9175
2005
356
4709
7074
8903
3365
2583
9628
6179
7810
2272
2747
1242
5709
1737
3577
9653
2790
8793
3103
7749
2671
3825
1458
5232
73
5836
8357
3360
5296
2697
7260
637
6191
5805
1754
9678
6493
7574
9625
3911
4011
1163
2626
5875
3386
7590
3430
8489
4961
4681
4627
7323
3265
2059
9162
6263
7501
7980
7126
607
7861
3369
2427
118
1668
4698
1639
5546
4816
5598
7515
8448
4967
2378
9658
9188
8719
3732
7593
8140
7250
3921
4153
2469
4950
6265
7530
692
5358
3923
8014
1623
9632
7864
7275
6415
1681
9066
3584
3190
505
848
1236
5500
1227
4991
716
2537
1228
7826
9718
7686
4490
2405
1787
3031
6418
6037
3313
4052
4085
8485
2692
1112
4888
9043
2240
6353
405
606
8358
4704
8285
6892
9376
4856
1658
4744
1331
5160
4531
6711
9465
961
5560
1869
724
4012
9094
6453
7769
4347
8672
2523
6707
337
8680
771
6980
8611
4179
2995
1307
9426
5439
4257
8513
6007
8441
3563
8466
7452
908
9351
211
624
3998
6129
9177
8777
5148
6747
2916
151
6874
2581
3251
5772
5124
3105
8331
381
6269
7008
9855
7676
4611
2884
6396
1273
6640
6735
4987
1545
5052
6356
2241
8116
7790
1318
2544
5872
3121
845
2123
998
9076
58
9204
7096
3915
3757
2116
2156
7720
4770
223
4289
1506
2316
4993
4748
5003
273
5984
6182
7156
5915
9000
2977
7283
4649
4272
5317
3203
7919
7716
1132
1973
9838
5517
3995
7905
2971
400
3118
2890
2000
9702
9009
6354
6806
4104
8642
9691
9640
6375
4211
5020
902
7982
4253
2430
2638
6868
5284
6410
5193
720
866
4143
5761
6364
3303
1371
7862
4682
8822
8556
1706
5113
4966
4060
9156
7053
4985
5824
8673
3491
763
1785
5932
9853
8896
3612
1774
6593
6847
8940
9626
8541
1367
5699
7459
5645
2243
3698
6775
9735
8574
8119
6916
3170
5240
8546
5375
8878
7737
200
5458
6076
2569
7513
914
9958
1734
8152
3100
8527
7665
5247
2572
4128
6303
7152
3918
7314
7624
2137
7100
7313
6340
3685
3459
7200
821
5054
8098
6663
2587
4080
8122
1481
4683
7559
385
9600
7414
5106
9886
4097
8615
4737
5184
525
4147
537
5143
9356
3480
5667
4234
8100
7059
1388
5574
1582
7846
1429
5162
4375
3449
5414
6155
3161
4259
5822
5621
5346
9271
2816
1837
3571
1702
1486
3500
9451
300
4030
8239
4600
803
9086
3434
1099
9261
2573
3768
4015
3070
5565
4876
3895
6162
6520
5449
5050
3195
4358
6363
7463
396
3421
9950
5739
7226
4241
1332
6737
4474
1243
9780
6165
1330
7374
6457
7083
4420
7906
978
9921
8013
9997
6647
1094
2290
8925
3928
5526
6385
1045
2782
9971
9362
9837
2409
1292
832
1411
9963
113
6486
8438
5537
4515
8342
9681
4903
4669
4273
7380
3436
1924
4700
3007
5881
6679
7823
6748
2832
1052
6558
1083
9179
964
2983
8483
6307
1536
9015
2766
101
8656
4481
2721
6911
4387
5202
9998
5783
1354
9473
9927
2913
4152
2911
1342
8926
3063
7242
8601
4616
8446
2772
9830
8130
2817
9514
4858
5263
2838
4071
3267
4217
3958
3993
3711
7068
254
3279
8048
8283
75
3076
9144
1850
6184
6555
3191
3502
2239
9933
6212
1528
8582
1569
4593
625
3336
8067
6099
1089
2768
6485
5651
1621
4160
740
1579
8232
3419
1266
970
2903
2418
5140
5350
985
7220
8061
8461
7137
6180
8577
1560
510
7907
6677
8421
4829
2328
3112
8737
6688
3435
7550
2826
8075
3299
7725
6966
6742
9836
1115
733
5499
336
7579
5456
1914
7995
4764
9613
8325
4456
1274
3961
3328
4307
1428
2561
1638
3037
7293
3700
5451
4406
7142
3206
4653
6226
9558
5859
770
7925
5963
7794
2313
8219
8425
3864
9247
2302
2783
5964
8700
4738
5347
8843
8524
3723
4145
1137
3726
2030
3040
5569
5649
7568
6085
3952
2875
8080
2383
805
9210
547
235
952
8504
1642
8058
4328
7403
6876
8780
4323
7410
8502
8599
9703
7735
8135
9090
2201
2380
3538
9701
9528
1961
2516
9832
7683
8161
5596
2385
903
9106
488
9821
2625
4703
3554
4197
1533
5199
7565
3560
1881
8372
4674
2658
7000
4009
1122
2598
3789
4774
1336
7159
2103
6838
4615
965
6837
1022
9324
8284
4025
6040
2708
1990
4365
916
230
3669
2819
6659
8675
8427
1418
963
3295
764
7356
8203
7916
2762
5374
2114
8467
4802
3582
1333
4919
6130
3771
8705
1465
4999
5355
7123
3799
7303
4176
123
4134
9209
5293
1066
6128
6931
7918
1899
5119
9619
9470
8356
7871
8007
4739
1614
6277
566
3024
354
6111
3544
1581
9779
1144
2898
1709
4580
6924
1819
3228
70
374
1009
249
8170
7125
1969
7958
6498
6689
4063
7875
2146
6474
6500
7585
2520
468
2082
6268
7518
8160
9160
9507
154
1143
8258
1072
1377
5960
8568
3214
946
6903
1248
7496
9221
3801
2450
5531
419
9395
5315
3000
4191
5914
7327
7898
1573
422
7688
2371
5147
8939
9471
563
4221
4910
3679
3706
5873
3189
4399
2252
4520
6185
6398
5036
2676
7188
1348
4911
7741
9767
1769
3949
62
9304
3047
3565
7498
2647
4817
899
7480
8685
2227
5088
1788
5266
8395
5064
8970
263
9529
6957
9436
6394
4562
8983
7115
7229
600
926
1626
56
6454
1064
1848
6899
3897
1777
6287
5767
8933
7632
415
8295
2136
7390
702
1025
9982
962
4281
7085
5400
5877
6481
8023
6681
4405
7393
6403
317
6950
4503
9961
2266
2543
9355
7196
5944
896
7791
3413
1405
1851
7566
8898
5336
2835
7396
2724
7614
4583
408
6164
7561
196
7182
8308
173
7838
5910
9062
9679
1124
6541
6070
3065
2299
9637
5821
3314
1943
5641
7364
6276
8443
5906
7078
3551
7445
4053
3529
6467
9696
6221
9847
7638
3423
2049
4229
7486
7827
538
189
6116
465
8211
9416
7781
8208
5279
1646
4364
9904
603
7848
2556
5752
5856
4840
2164
4784
1722
5634
9025
2232
7631
9823
2646
2518
7692
1616
3617
6685
9232
1487
1855
7687
4705
8083
3158
9484
5893
5557
6951
5328
4942
5867
6273
9983
2159
7415
9399
826
6217
6863
8497
6556
6744
3791
6936
9995
4664
5351
4107
2519
1167
2436
8018
1344
9281
7336
2951
895
6728
1352
6087
5118
5611
127
6331
3644
4445
9083
9037
9003
6639
7789
2487
7991
9766
8242
3176
9374
4778
3830
8072
3332
5966
7615
4356
3002
4726
3758
1683
5409
7820
324
515
7649
1074
7960
7878
4750
6626
3652
7911
9476
5233
2217
900
5120
969
7605
3802
676
8037
8351
3109
9787
2389
1359
5876
9022
8254
5523
4483
8655
1245
7588
8801
8889
5345
6311
605
6435
5554
3751
897
8407
9427
2189
9307
6761
7365
9878
4777
4791
7895
981
1095
2465
9132
3082
7180
7977
8158
5074
332
792
1968
9238
2954
3519
3981
2360
1902
7645
6395
55
7521
195
5101
5861
9865
167
5685
4477
706
9334
1169
9970
621
6271
9793
7724
353
7149
7447
6107
2730
1858
8091
3879
2619
8374
5497
581
7609
3169
3259
743
9845
8971
232
5051
7282
3433
8420
9587
4822
9685
8721
7956
7300
3794
4427
8662
5630
6527
2111
1891
6691
6765
7363
1764
7360
5976
7430
372
5697
4017
4138
3607
1334
9860
9218
7900
3892
5748
2122
4899
1291
3848
7082
3080
1568
1583
5961
9335
7668
4304
7578
9601
3986
7219
9891
2228
2348
9923
9824
1898
7536
287
9312
958
2310
3416
7181
7167
8767
4332
2013
8901
401
2874
9461
7627
1966
3703
1057
8821
2794
2490
4022
4368
4897
1448
5506
2184
4666
9296
1077
6719
9948
4384
7727
7446
4924
126
5562
1479
9412
4202
4411
3427
5214
7169
9276
8585
3662
6633
920
9126
8592
3704
9525
1972
6648
7377
9045
7595
2003
4734
7381
2655
9620
3188
8709
4168
3425
9981
3446
4819
414
5829
4208
890
5652
6167
6974
3473
5871
5082
7013
7400
3293
4269
3292
8554
3753
5287
8549
3784
4598
3443
6938
6466
9833
9001
4498
2732
8928
9583
2404
7772
7562
8215
494
7629
9861
4177
3230
3759
1792
5599
4957
3474
5833
9777
5508
1142
7134
3661
3341
4380
6817
6608
4222
2781
3722
8712
9505
3333
3054
3487
4027
4902
504
7433
9192
240
2802
1135
7471
384
8068
6077
5308
5884
3898
7502
5524
9115
4617
3348
4864
2927
9564
7584
5581
8856
7782
3316
6754
5218
5828
1065
1517
1251
6705
2093
2025
3567
8921
4035
8001
7044
8834
8664
7127
579
2057
6578
3947
8318
2349
2731
251
2374
7747
1698
1825
9892
2618
3549
3321
1670
4741
8887
3730
5403
222
4102
8049
7309
323
5361
2508
6920
3990
380
5457
1575
5570
921
4971
6227
2498
3097
9357
1987
3641
6604
883
7379
2455
8879
2301
6163
9331
4398
9881
5025
7355
2369
3748
6727
5252
6436
7766
4142
5717
2514
1942
8794
7892
9555
5928
7019
7482
5521
7850
8369
5498
8674
1736
3168
506
1290
9650
4970
3496
3651
1663
7408
3840
1034
7084
343
1478
5851
8339
9283
4383
7923
4990
1995
5192
1165
5886
148
9448
8522
9127
8292
2218
5716
3725
633
9627
2744
8149
6032
3592
9141
8900
3996
5372
9361
2513
2399
376
3889
7702
6790
5413
4270
266
2985
7981
2069
6088
3935
8884
293
10000
3358
8732
8266
7166
6734
1471
421
3537
5698
6045
8802
5785
8352
3219
5044
7051
6795
4362
8376
6960
3809
4820
1849
2962
6304
2648
8744
7903
9381
3334
2828
8188
2352
3847
7778
3587
6200
5779
7291
8520
9201
695
190
9228
2167
2104
9145
5865
9882
8774
8952
6548
6451
3030
2267
6672
7514
9074
745
281
693
3479
9804
6828
5707
5344
8746
7825
8538
2433
5660
2081
8354
1157
8795
8366
4702
9636
3198
1951
7172
2524
1203
5564
9479
4361
4379
9697
363
7707
9530
6051
3053
7352
3280
9553
7177
9310
650
8610
6197
707
4442
1940
9495
4058
9669
694
8990
2801
613
3611
4441
5069
8908
957
427
5059
9122
3036
1527
5127
3319
7546
8137
5579
213
1039
3548
8054
3606
5475
559
7661
3408
4715
7046
5220
2946
3381
5858
8070
8995
1985
2274
5773
9795
5864
4513
9817
9165
9873
3346
6596
2567
691
8178
5464
1907
7708
2924
393
703
2179
7345
7091
794
6618
9907
61
8066
9606
4131
5916
7206
3811
1959
9390
84
8833
163
7739
8418
2024
1813
9013
4206
2695
971
9672
1599
7572
4215
5721
6699
7119
9458
6653
7221
2705
1408
6601
4315
8798
7174
8316
1549
4688
8198
3101
7813
6314
814
5083
6818
8814
1097
368
445
869
426
2893
8123
1419
7270
5274
8367
409
1577
6145
1530
5676
6209
7571
5030
6546
5820
7202
5514
1798
2953
4013
1738
5204
2337
319
2327
1812
1050
7107
3950
8915
7475
2665
1046
1338
1197
2894
2791
3085
7402
2014
5513
9715
4494
3347
6176
655
237
2837
7232
4488
5269
943
2402
1210
4247
1585
4786
1916
5650
2718
8706
3006
1460
1965
432
9863
5551
5573
9569
6390
5735
1406
6518
5746
4584
1166
5197
4894
4861
2934
3084
4960
6241
8858
9243
910
8009
82
1617
652
1739
5945
7165
3197
455
8484
1791
7704
3485
3335
3684
1590
1442
7404
1758
533
8991
6551
9142
2119
1253
8256
9972
7575
6810
3650
1857
4655
5811
7834
4033
5319
9842
2758
3231
5758
398
9397
9028
8150
4342
4485
2854
174
4790
6878
638
4926
2926
6940
6722
2078
873
9552
9320
5626
5221
3707
4533
562
8000
2438
9189
4828
1753
9496
568
3199
4316
3483
8587
2759
8701
7654
6965
725
4805
2889
4023
2836
9526
1539
1005
6883
3924
2254
7103
7868
844
8481
9185
5730
6831
3471
6208
6342
3550
9522
2171
6678
9535
5568
9428
3520
6934
9051
6275
1374
1662
3073
6470
8613
3857
8406
370
7052
5674
1835
7148
2496
6449
239
906
9044
4433
4374
1340
3018
3362
8935
5222
6446
7602
7626
8480
8478
7312
2470
4385
5012
1192
6797
3262
4283
301
3871
3064
3546
404
8750
6193
953
3808
8852
5063
6093
2568
1195
1013
9781
7731
9782
9499
2393
7047
2558
5432
6292
7577
1493
8179
6333
4137
97
3933
9021
1483
8154
3507
4917
6156
8823
8077
7842
8220
7060
6414
9563
3532
6382
8096
7223
5100
8539
3602
6953
1472
7199
7143
3521
7877
8082
3389
9005
256
7508
8320
8218
2324
6049
321
6985
8391
6662
1158
898
8175
7144
1087
9554
8373
7542
1529
3182
3927
8785
4949
3457
748
1628
3074
5299
8263
6729
1700
5549
1037
8666
3754
4401
6010
8431
571
4497
5882
8589
6962
4321
4870
631
4836
8654
2195
6171
3352
413
2861
3428
5086
6452
9460
5744
2999
918
1346
3786
2269
3132
2067
6202
7997
2107
7811
1803
913
6997
3050
6335
7671
5897
4500
8187
5664
4169
1007
9034
6549
2181
2176
2435
437
5644
3494
1335
4914
9991
6153
1381
9598
4718
4047
9825
2851
1760
8725
2222
9784
8866
9269
6285
8786
7889
6048
4518
2312
3744
975
9867
2309
9985
6616
7516
8172
4612
156
9531
8628
1410
4754
3580
983
7241
4843
8647
6654
3249
7643
6513
3125
3212
6123
1366
3032
477
9607
3686
4912
3272
1078
9841
754
4872
9962
2729
2246
9347
7552
1740
2850
1031
6939
4619
9341
877
5205
775
1604
3696
4432
1875
3750
875
7069
8923
5823
2258
1611
6594
7972
9521
9481
901
2415
9903
269
7921
5077
1184
4204
8914
7310
4614
8097
1161
5338
1962
1070
1896
526
1288
7757
5668
4083
6444
9577
9454
9630
8213
5216
709
6526
5097
5053
3250
3353
7959
6161
8696
9260
5428
471
1215
5979
9398
5921
8891
5900
8021
8886
7968
8019
3025
4998
8663
1676
8212
4590
1920
5855
5042
1652
1804
815
8290
4634
9200
8564
2423
4287
5637
8713
7039
616
4475
7435
9410
8385
1209
840
9508
4542
838
8985
316
9683
8141
5332
6981
9445
6935
1208
3368
6248
1665
1107
3123
2068
4349
93
4727
3930
4851
6827
6771
3322
8717
9802
3558
1745
4855
399
6565
3769
7867
9391
4081
351
8470
3599
6419
5435
817
1503
7444
8525
8864
9346
8681
8455
5132
3710
5183
9294
7254
3613
242
5353
2056
7957
1775
5533
5815
9089
6401
9671
7788
5534
951
4642
4504
2900
6645
7235
1287
9515
9245
8415
7261
5452
3340
7015
9575
472
1285
1386
5244
3465
1362
9042
1797
1710
7870
5406
7110
451
5566
7802
8638
8817
8243
4113
2033
9072
5068
3872
5305
5399
8267
315
5175
2488
8912
8411
3681
7476
5656
105
7675
1222
134
4607
9734
9896
303
3445
2416
8047
3308
6799
8111
1108
7210
8147
1556
5726
8980
7073
1655
3159
6617
503
4736
8296
207
4101
2026
2453
2714
4854
5322
4603
9092
925
1657
7520
8871
5948
5411
9588
9987
5840
3137
5443
4330
3829
2441
1080
3094
1027
8958
1637
3493
9547
7233
5326
1194
6605
7534
475
461
2229
977
3881
9747
2681
9934
3312
4144
259
1370
9517
5431
7931
5387
7392
930
9788
2445
4045
8143
9384
7112
161
2919
7111
6373
100
8476
4692
8148
7271
3147
9677
9692
2060
9913
2139
9488
9578
3468
6063
7913
8961
6507
4867
3460
9509
9977
1422
9818
2009
842
858
3038
2260
2419
990
3906
4893
5935
8595
944
7943
6104
5582
7885
1930
8201
5394
5610
3371
9327
7510
1269
6175
1201
2219
6423
1922
7273
2039
5335
6830
4762
980
3717
348
6392
3574
7872
5404
208
1475
8347
5796
9096
7009
5472
59
3884
6657
6337
7608
2608
1538
4659
6433
4935
1489
5675
2923
7358
799
4877
4582
2460
1079
3909
3527
7449
9876
5039
6701
4512
5639
96
934
5421
4255
6788
5666
6867
6943
8872
6299
6218
7637
8806
4908
545
1718
5988
7709
835
6562
9612
8321
5392
2495
4506
3777
5468
7763
5619
1015
4740
7278
1477
5283
5704
1998
9180
4662
1731
549
3941
4808
1473
5894
7043
7758
1181
2637
7020
377
150
6491
8346
6687
8363
6295
4982
5041
8185
9154
2685
5430
3327
181
8997
7598
8917
8134
8043
3136
938
1732
1960
9730
1807
870
5349
1701
108
8956
2756
4555
3687
2481
9305
6112
2471
7262
5391
4443
7818
9016
8319
4656
3942
8193
8027
1915
1395
7087
3194
4016
1356
8326
9707
2798
5608
9231
9859
4880
8846
6412
5201
1134
4125
4835
7860
5942
2331
2339
9302
7121
6065
9437
825
6634
7701
4492
7421
7450
4541
5572
9885
6621
632
1347
3207
2046
4753
2420
2407
2493
9815
1219
7025
3297
7228
1650
1345
8877
7947
1023
8332
4343
4831
5055
8652
3882
5955
2845
3406
4268
7124
1413
4587
9645
6525
4979
6125
5920
6820
4551
2761
8124
3835
2466
5536
2307
2530
7930
4320
1747
4660
6826
5243
7035
8531
8870
5004
5477
9831
7458
8580
5539
6431
3075
3455
2170
3920
853
7429
2873
4972
3913
6897
1159
1041
8107
6585
1913
4853
8875
8463
8588
5653
2967
7062
1026
4008
2040
4339
5314
5254
8105
9888
9932
1199
7821
335
9080
8910
6720
2357
2534
2722
7797
1831
755
8651
8071
8087
1398
3705
9762
5172
1537
2862
2326
812
6652
2672
5745
576
6445
4597
529
5838
9267
253
1061
3914
6074
3964
147
9052
177
836
3752
3866
7902
71
2880
8804
3139
9870
4093
4084
3638
454
7350
4576
7441
2288
4162
7329
3320
8759
4771
7697
484
1808
9174
5507
2332
9318
1716
9155
3965
2070
3792
5163
6120
6561
2344
6310
1570
7067
4305
8253
2564
2140
2584
6400
9799
6570
7964
7122
5038
2728
9706
102
4609
1618
6979
7081
6509
9453
2417
3394
6450
2952
7942
9168
5438
2988
2866
4482
5843
3622
6970
9834
346
5489
5631
2941
907
3452
2207
8969
8362
4455
6766
2071
976
675
9291
202
878
2736
967
7168
3184
960
5157
1664
3258
3237
383
3978
7267
9369
1062
2161
8499
6673
3774
2292
4958
9450
2335
4091
2509
8604
594
7378
3009
1073
9952
8117
8234
8329
4846
7251
4691
4811
4613
7240
4801
6632
5115
8868
3301
3689
8974
5694
744
7650
6124
1129
5831
5724
2793
2605
7987
988
5591
2972
2329
1082
2937
5033
2439
2187
4026
3858
9890
7620
452
6406
6073
9183
6370
8728
7777
3426
4313
2614
7910
6623
4424
850
2917
6977
1828
5853
8472
954
6550
6978
760
3324
8775
9726
6015
6606
4276
9326
5047
7796
3287
7238
5638
9527
285
124
6084
3254
3102
5463
6283
8429
5246
5930
5153
5018
6280
2723
6671
9148
8289
1447
7024
5238
2580
5434
7511
8555
615
5289
5112
7845
2134
2426
3268
1086
5166
6034
4974
3697
2748
6669
512
2464
2536
7628
1810
9050
9418
9234
2150
8927
2017
781
4934
184
3767
5467
580
2863
6568
6988
6573
1692
5121
4043
7425
1075
8518
3938
2739
936
1708
7108
3925
6222
3988
9850
1496
4561
8722
9113
9371
5490
2132
1286
2172
3477
1035
8849
4621
4214
574
8288
9828
7214
5967
2027
847
4719
8897
7113
1390
7776
7599
762
742
5929
2688
4103
8830
5487
1439
9667
4350
1283
4065
6148
6199
7298
9364
9704
6625
8310
9806
9929
6219
9722
6801
8207
3525
8026
8913
8216
6955
3917
1063
4431
5019
6302
4264
4150
6954
3828
5958
116
4663
6204
1919
7672
3107
4757
5841
5975
5290
7326
9512
1712
3376
4277
8708
8355
1594
5501
7812
9011
1379
4868
8255
3605
6512
7040
9579
3855
1238
8279
6131
7745
7029
9239
4158
7935
5078
2751
1518
2859
8566
6932
6432
9170
3531
5321
6668
9826
4882
4415
7369
1671
786
6286
7695
2886
1725
159
1235
3668
8929
4426
3048
8818
927
5814
6881
6318
6357
3148
2796
8294
342
6682
492
9966
3596
2106
2143
5623
7443
9466
7175
5522
3756
4586
795
8309
8237
8505
1229
5445
9164
2356
3646
8811
8259
238
5096
6686
7847
2891
6440
9908
2188
8184
6472
7367
4686
66
1834
6352
3648
3134
2557
863
3787
4174
2112
7722
6351
2097
9367
6991
4813
8144
2910
5985
7485
280
4182
1509
7723
1032
1104
8532
6110
9820
1925
5776
9230
1654
5880
9662
6814
1853
5609
7817
6569
629
1017
4059
3517
4243
6301
6781
2253
4192
905
8761
4984
2486
6213
3325
6655
9396
2355
1117
3693
7662
6005
727
1541
5628
2168
9085
3001
2827
1523
2437
5917
3304
7204
5580
4889
2220
1024
2209
203
3294
2865
5878
4706
2280
1515
364
1060
7041
4390
7281
711
2298
5357
766
8618
412
4007
7685
5486
265
6665
8606
103
9621
1055
8412
5924
3834
659
459
98
3296
2133
8621
9557
175
1502
6732
2979
1727
5941
6860
8389
1519
9176
8146
9386
1001
4837
6869
684
2856
5879
5005
4916
7894
1818
3240
8763
6591
3454
2706
2843
5369
4094
8659
5424
5425
1174
2712
6190
7424
5341
6160
7740
8570
2006
8382
2974
9822
7635
8138
3411
511
8904
5276
2259
1217
6718
1148
3164
3216
4647
9811
8453
7539
1440
2485
7388
9027
8451
5764
948
8583
1320
1939
9900
5530
2586
3635
1997
1879
2231
4514
3111
6877
8982
7038
4632
4175
6407
7398
9616
1561
1308
9660
2138
5275
3609
4170
688
7540
434
1084
9477
2505
261
5801
5436
5731
1349
7529
6811
3130
8065
438
6465
4921
1704
194
5084
9429
8125
3639
8501
479
1002
7191
2804
6519
4904
2019
6079
5691
3028
2178
619
1870
4833
3057
496
1746
5874
1830
8561
6119
4895
8204
313
3330
3285
8002
2753
6840
8902
9255
4041
7831
274
8103
8888
7989
8281
7955
6253
8515
1900
3211
2841
7669
7961
4311
6083
9899
4922
1608
4723
2366
2306
5615
2549
788
6138
2602
6646
4054
819
4865
3934
9478
9070
8550
2287
1630
8602
7095
808
463
1378
2277
9419
5365
6298
5476
9196
2879
1101
7726
2154
1885
2633
2174
2931
527
1861
1768
288
5251
2183
417
3472
5734
8828
6018
6274
4965
3642
5281
1490
250
5550
8850
6053
5496
2214
1355
4478
8195
1298
577
2609
8163
5926
4216
2725
5974
1923
3566
3210
9024
7610
3721
109
7535
6908
1056
2643
9894
1284
5982
9866
3505
5584
4871
382
357
6521
1884
4363
4224
8819
3853
8297
9123
5474
1450
9744
8181
8714
7284
519
2293
2262
9690
752
5027
8547
4625
2053
306
4694
3994
6849
4335
2431
2997
7544
2808
5114
4077
2145
9040
1059
4400
2631
9879
8492
2521
3861
6693
255
1019
4976
2754
8612
4624
5031
6597
6187
3017
8614
1759
932
3192
9548
5908
2442
7852
6405
3127
6319
9319
3883
1295
6157
1587
9385
8114
9206
8825
1773
8269
4838
668
6845
7338
9199
2726
6873
6976
683
3583
8820
7882
9134
4418
1770
6532
5888
2814
6554
837
3514
5161
864
6600
9705
9887
1469
9069
708
634
3367
4306
9212
2981
6835
5061
6232
7856
1632
292
294
4286
9729
9538
2961
9387
7418
7932
5002
1883
9253
6245
3992
719
8684
1136
1105
8304
278
3614
8931
8430
9138
5107
4996
4088
1936
5860
1559
9065
4099
2649
542
350
217
1392
4378
5437
6234
2065
4968
5006
5532
1992
6327
1553
3331
4560
7160
3350
6341
4665
8841
816
1584
2002
5617
2224
9945
6060
9226
5889
4207
5682
5505
2989
3410
9202
2424
3878
7161
1149
9670
2158
5070
6664
9216
8686
2541
6154
5710
9392
2548
2795
7712
2786
6676
4395
9275
1300
5799
9944
5654
8895
9749
4006
2617
8311
1232
7507
8189
6224
8335
2914
7022
1438
502
7056
1799
5465
8799
2482
539
9910
4135
1889
7567
8324
608
9469
8882
9403
5684
7904
3248
7800
4780
9101
7462
5658
1127
1563
8781
8511
2422
6694
5133
3456
2023
9668
3062
4141
887
5720
9687
8890
5185
1198
2733
641
8616
8558
1178
2807
1609
1193
2213
3959
8704
3175
7699
5089
6889
9500
7853
7678
6680
1964
9801
6723
1488
5679
4239
6667
4038
2675
8353
919
6047
4366
206
2149
3667
1482
8603
1905
6072
1751
3729
1932
2265
4051
7106
4955
7859
9354
9741
9829
7346
5134
3486
9120
7146
8046
4862
7815
1824
7623
5571
8688
1020
3069
4487
523
225
6181
7801
8343
5702
3106
9274
3940
9422
6777
532
8867
9502
718
2623
8491
5541
9377
1931
6476
8679
7613
2477
6062
442
7736
9960
8682
1766
9979
3255
818
3682
1696
6250
4540
9764
1000
3119
4309
4558
307
6695
7965
435
5622
2589
3932
8637
3576
5433
5891
6778
480
2984
4553
9435
9317
5440
5364
2321
5158
7301
3117
739
3568
5226
9968
2279
9091
359
846
8474
9800
9915
4357
9424
1838
3276
4275
5798
6506
5043
3664
9068
8987
6972
1147
9906
4340
645
8447
7489
4252
3382
2710
5981
3011
1313
8528
7208
5035
4279
9186
7962
2121
2063
4524
5738
8597
2601
8955
3850
8102
6791
3712
6994
956
8240
5839
6907
9663
8764
3039
8167
3764
4651
626
8375
1090
2864
2036
7385
518
1719
7286
9110
1484
6133
3306
1908
6463
5356
4069
721
1765
3329
7689
2421
2551
5952
7253
3625
7171
3772
1757
3843
5904
2358
4072
3545
2462
5339
2938
9661
9783
8010
8562
9877
5268
5715
447
9775
6198
7711
1314
6495
7272
9490
1076
7560
2632
9724
2507
3734
7347
4637
7001
420
1038
8038
6284
4337
689
3383
3523
4205
6740
1979
8634
4412
3943
8848
5441
4261
2839
4767
3859
3235
9560
2480
3966
3762
1437
9229
8132
5782
6121
6674
3724
732
5816
2770
1187
8784
5671
3739
995
7655
6150
1586
3154
8510
5383
5669
9713
9299
8949
2847
1982
6973
5927
9590
7370
3715
2066
2870
1826
8635
1239
4326
6137
3713
7809
7391
778
1316
9591
790
6408
7064
9207
3733
2153
3392
6081
2673
3396
5899
6537
7705
6210
6126
6857
5996
6812
8687
5673
407
3201
9433
8197
1648
8435
8646
3223
3963
4226
746
2750
2032
1272
6488
5561
8739
6023
403
4189
7307
2755
7063
1809
3890
1571
2833
8192
4163
797
6975
9974
1322
4288
4648
4319
9107
7198
9917
6502
7295
3659
6993
3595
3286
3647
4110
7528
5528
1687
5519
5016
2050
7213
3982
9835
2932
7524
3555
8390
4404
6772
3209
4018
4980
2308
2958
9573
8627
3573
4901
3417
8095
3908
3122
3589
806
7976
2942
3610
2966
6545
4509
2411
3344
7473
9559
9596
90
389
7841
7030
7342
9340
4381
3003
6579
690
9964
499
9750
8776
6725
3498
9344
9790
9936
5300
1860
234
5116
1603
4185
4538
2255
9742
2925
2226
1327
3424
4352
3060
275
1425
1958
2162
2238
4809
5597
757
5954
6683
7297
1380
6251
4453
3736
8223
7170
6078
8303
8861
2684
6471
7899
5518
7466
3542
6114
1543
3166
8734
2636
5327
1393
2711
6220
4105
6511
4074
5895
304
3470
3851
6374
570
7412
8136
2135
6496
5848
7453
7917
5892
8536
8403
2810
3738
7375
338
2177
3131
6313
1297
4675
2713
1146
7505
216
7523
3785
2314
9181
8766
2976
3594
7630
6661
1859
6780
6770
4898
8697
5062
7349
6195
2048
6906
6592
6216
221
8194
1531
8011
361
8851
4341
7832
1767
6602
9152
8796
436
3061
4852
179
5510
7005
6915
7992
4359
862
7266
1547
3977
6792
7920
6312
1103
5555
2245
8422
7837
2525
5000
6726
8053
5648
9079
1782
4605
9483
3867
5230
8490
9425
6627
9420
7646
212
8081
3936
6819
1186
1462
4707
8957
9118
9819
8287
5418
5131
7733
552
6339
7532
3655
9059
7625
3142
1265
4554
666
5093
8620
3253
7416
9121
9674
7762
8629
424
6061
9446
1666
9078
5181
7023
9350
9287
8017
5494
3675
6102
5303
1508
4010
3796
483
8509
8967
5448
2489
8041
3856
8458
5646
2142
8177
1624
3225
1598
7133
2297
2250
6326
6822
7533
7406
6529
2991
6324
4300
7163
701
1480
2902
8596
7470
5903
2294
4588
2611
5771
7332
7978
4266
2004
4929
6366
191
1615
2052
6468
756
7218
9193
3957
3821
5951
6168
5340
1844
8743
7583
7548
6909
8506
8398
9848
5689
6628
2947
3814
1053
589
2691
8171
7849
5023
553
9002
544
2846
6247
9039
8782
1741
1720
375
9851
1106
2592
6531
9686
5792
3079
7954
2412
3339
2815
7248
4570
1733
599
6575
5253
8272
6706
7231
7493
4495
5379
4885
8454
6866
7080
2577
700
1351
5032
3536
4092
1133
7497
8063
9566
3405
9100
1976
5180
2550
2396
2857
787
9330
5170
9659
1887
8789
3492
129
4449
7527
373
7753
657
214
330
6151
2593
7596
8622
7543
6090
7017
7195
128
3246
5219
5196
2085
3822
8370
6203
8364
2202
1401
1653
1823
5469
9673
931
3807
8844
8500
2020
8008
5048
9694
3588
809
3476
5543
6716
3619
2840
2553
861
1375
6836
3900
4787
6846
6933
9796
6012
4484
1067
7879
5373
7783
6821
8837
6767
4834
3218
4184
1832
7503
425
4223
1526
8314
7153
6613
6918
8261
5547
7564
6982
623
1793
4526
672
3740
6144
737
6944
9140
5454
7089
3351
6898
7570
9125
3513
1003
7285
3490
8036
1172
2742
4755
8069
5150
6588
2475
157
5629
7549
4789
4454
4066
3903
9965
210
5933
6834
2058
7491
5749
1721
8333
4351
2045
9682
4732
6750
7717
9540
7866
2964
993
3023
4507
6206
9743
710
94
1207
9077
5594
7132
5802
2799
9893
5058
1613
5313
8994
9518
76
7335
6350
4068
6901
1468
9814
9919
9639
882
4878
8030
4803
4945
9941
6459
1257
2446
121
5606
5770
1805
7764
4690
4220
9108
5079
9925
2443
6441
5190
1552
5686
4768
8494
6721
8293
4749
9217
1597
912
7616
1755
4799
5640
5817
4618
889
7993
4471
4258
4807
5001
1677
6300
6571
1800
2197
2206
8677
4797
5978
2386
7944
4198
4918
1612
9277
3157
5294
2414
3626
4959
4290
6358
6896
7118
2664
881
340
1397
541
4815
3067
187
8392
1396
6143
3984
9711
9049
6614
4050
5209
9163
1631
7065
6360
5970
326
5378
2350
1175
9411
2529
9215
6094
5311
8469
6067
4536
4049
9161
8986
6871
5141
2128
9061
9665
996
3747
9264
3601
5696
3629
3407
7601
987
989
1497
4841
7299
3173
3586
6238
8883
8079
7058
569
6785
4116
6231
7397
1051
8380
2887
9955
4954
2899
7641
4178
3765
1446
2987
9129
4857
9737
6042
5643
1004
8231
7409
9603
4148
1042
2163
6002
7292
4078
2304
9359
9803
9414
6387
5718
3694
4333
3373
1841
8034
6969
1014
7621
4109
4439
1836
1678
9225
3354
7770
7969
1170
2315
2499
8752
7395
9949
1776
3678
2261
4019
3045
5478
9807
8803
5370
2113
1504
5073
3458
8735
2494
8109
6745
6539
9058
2682
1576
2687
8937
4826
4115
5442
6052
9648
5911
1596
3929
7230
9172
7399
5509
6092
8999
1842
6475
3264
3187
8698
6638
7755
476
8790
352
4430
557
4073
5780
7569
4657
7612
6751
2526
8236
3415
7759
2364
7767
8235
7317
5014
4645
9223
4673
588
3508
3418
4005
874
1120
7014
820
2803
6530
857
1872
2930
6422
3120
6177
7563
1554
4265
7857
6544
7640
6851
4685
6492
2234
349
3029
3813
9007
5362
6644
4873
6987
4140
982
8869
9580
4842
3288
1601
9195
5575
2943
4775
1176
7048
9576
2008
329
6759
4896
9073
6796
8653
1319
4671
5529
1566
9758
6330
7315
6223
5455
3244
1303
7050
1145
6016
4285
602
2599
3361
6249
6026
4527
972
6540
5360
7147
4070
6429
9898
3475
1567
8252
3674
9646
3290
4299
1783
4502
7006
7287
9644
182
1901
7279
734
4944
6108
2881
643
9018
4925
8251
2603
4907
2425
4544
1116
7750
841
9631
6172
8268
4434
6158
4881
9104
8873
72
501
3749
2616
8678
6323
1016
9023
9772
4863
2076
9840
9633
8594
8730
3509
5462
7031
8590
3854
7290
1011
783
6309
7116
3578
8118
5333
6576
8345
3842
6270
8571
3099
4785
1455
9325
9036
1910
2338
4948
7442
3701
590
170
4956
7522
8020
3868
2377
8473
4416
3204
5154
546
7844
4539
7779
4530
1420
3403
674
4039
1520
4633
3797
1763
997
9088
4745
2771
1100
1938
1155
9197
3737
6029
2651
7798
1494
4468
6622
949
2876
5320
6749
2278
3951
1384
8042
3309
4419
4238
2175
7517
9986
1903
2500
6499
3562
1426
2221
7205
9920
893
4604
1353
822
5725
193
1325
6377
9249
5947
7472
9911
9652
2126
7386
6169
2038
1156
5962
2365
4129
7305
6956
8791
6697
6028
2264
367
5665
4120
5986
7537
3385
2670
6068
4436
9988
9511
6349
1513
9337
9056
5898
4397
6003
1970
1715
2444
2263
2506
4532
2317
6140
779
8340
3178
7185
8416
6882
2400
940
9889
1130
8274
164
2540
4132
7634
5809
5024
3302
879
5703
8543
4708
7037
5659
3323
4697
8307
9676
8765
6888
6259
3838
7333
1123
1383
440
556
6515
2594
1110
3804
5460
1978
3224
4847
5022
5636
3221
2986
3390
8636
5385
4672
8534
6252
9137
4346
4975
305
2554
6122
2028
8440
9959
4940
4571
3846
705
609
1644
2907
387
1876
3561
8598
3665
1565
8301
4370
8845
1102
3027
1610
6784
5905
5066
2117
3575
8703
6230
5034
3720
9063
158
2268
1113
9916
2100
5751
6609
9773
4845
8535
8512
119
7383
865
5633
4710
8101
8813
8092
2774
5026
344
2809
1929
6031
5108
9464
7647
5278
777
2806
6696
9379
7474
1512
851
9480
1897
2204
2970
284
8683
4218
4004
3953
8379
5990
3539
9408
8716
8317
1315
1373
2546
1036
5931
9099
9733
2347
4793
8710
9220
9513
548
220
9321
665
4913
3969
443
5642
7034
9754
939
6236
1689
669
3311
8217
282
4579
8434
4086
6958
7325
6021
6854
660
1457
3035
2745
1131
5060
937
8084
8176
4668
4519
4743
6189
5902
345
1357
5912
4879
9047
7209
8810
8334
8976
8916
5862
7256
9097
6469
2073
2779
1675
289
8667
8064
5380
1845
6577
7304
5135
155
6097
6089
4194
9462
4729
2579
5331
2468
5007
6948
1006
7384
5842
1878
2757
162
935
2095
1917
8029
9082
3718
9656
8159
8052
6430
7949
9075
3683
686
2661
8996
6794
4062
9187
696
7477
4501
453
5807
9404
7432
9370
1310
5627
2072
2860
8981
2147
8808
1267
9467
6905
5777
2390
2282
2472
2982
8336
8165
3318
583
4295
2479
1888
3234
9323
4118
4263
418
8658
3167
4146
1361
6757
3399
9081
1816
4848
5426
9996
649
4199
4523
647
6458
860
9030
8650
1906
3489
3146
6487
9501
9608
5846
9725
9252
2273
4444
9884
5727
7824
9857
8792
283
8729
2978
955
8919
2994
2391
9301
2940
2235
5203
9786
7780
4031
6381
8498
3816
1886
2373
6703
5795
2821
3271
9519
4155
536
3162
1432
8631
5936
3274
7999
8032
6420
9146
5482
2432
2333
8623
4773
5146
3533
4606
2555
8229
6261
5863
8552
3956
4574
9265
1218
8632
8113
1289
2604
9388
7706
1093
4248
9589
8110
4557
7760
1729
3862
1054
1431
1789
8313
7604
1391
2820
4151
4578
7320
7639
5228
582
3422
5804
1234
4122
3815
3621
6365
5420
7525
4505
9114
8648
1138
4037
5832
612
1211
5741
8200
6490
4448
1558
2152
8545
4746
1012
7756
2151
6205
7732
5419
120
1564
7658
6998
3504
6243
6139
2996
138
5371
8449
2683
2818
5826
6776
7193
7808
7843
6173
8941
2885
7382
2087
5995
7353
4631
5282
3535
9285
9864
5647
7729
7855
3973
6000
6708
290
9537
9755
6587
4654
4760
1369
5835
7322
9383
3699
490
5389
5803
4036
9130
617
1821
166
4635
2165
7912
7368
8190
8840
4193
7372
2284
2447
7971
5255
241
429
6528
185
7140
4781
5847
9928
6660
5722
8922
358
2959
3983
2064
140
3695
4417
1868
2155
2743
4473
735
9708
1153
8633
3727
7806
1164
489
2120
6615
4680
8062
9143
9246
6329
8581
1693
1685
2323
1839
7771
2015
5849
1474
8305
5956
8059
9308
8205
8039
245
9203
2300
3656
1934
1008
4812
7201
9914
6361
5663
4486
8507
6399
4572
5657
1467
7556
9695
264
9698
793
7580
272
4046
3788
2965
4123
3837
9457
6011
4594
7045
2652
8847
5149
6022
1249
1182
4493
7150
2182
4814
8669
2463
4402
2606
9032
7252
6389
4890
8384
9360
2410
3640
4931
7211
6670
679
7938
8436
4133
7822
4064
6715
6641
6240
6368
5242
4548
8815
7426
4844
3885
7114
6763
2607
2457
6629
5765
6702
5774
3372
9333
2001
5559
4947
9421
622
7306
8854
5552
4274
5057
517
5174
7028
2630
2663
6564
753
7479
4883
5471
333
8487
8977
5130
6447
186
2562
8151
2375
5672
2034
7663
3124
774
1364
530
6054
2765
5416
598
6760
7966
4466
5366
3289
3663
3817
4804
7072
9544
5593
219
9349
3355
7775
852
6071
5953
6758
1414
1444
1524
5301
9567
1974
5806
6823
3916
446
9131
9714
6885
9794
7366
6456
9498
2408
2627
9292
2734
5178
560
3637
3059
2173
4534
2824
9309
5270
1225
1434
7263
1126
325
5545
8120
8559
4874
2079
1400
2131
2709
8471
8824
8051
1140
6391
2454
3510
7915
7936
83
2769
5136
6887
8885
331
728
3149
9551
5934
2185
9953
6787
7094
4076
9008
4413
4977
1343
7465
5700
7321
9504
7799
9993
9739
6149
3495
4312
7389
4716
872
69
8306
4623
5307
8142
3960
218
1096
6710
9751
9284
9237
3239
7953
7555
8702
5866
911
4156
507
8209
7243
6483
9610
7664
310
7679
5607
9474
3600
2497
1686
1643
3450
2792
9778
7164
9905
1748
9147
5450
9306
6923
1950
8156
9541
2659
6741
8173
3803
8973
9254
5271
5256
5755
9372
1254
749
6841
2992
4435
5729
2276
3877
1260
3151
3186
1863
9862
3793
6559
3349
6041
3778
4589
9270
8946
8551
314
966
3143
4057
5766
3742
6543
5789
8920
4508
2825
994
8275
636
7551
5188
4714
8836
6508
311
1935
3379
8433
5292
830
8584
7730
4510
7417
8988
9524
2180
3875
9455
8640
8409
4989
2474
67
1659
8575
9035
3451
79
4602
578
7792
5105
125
3692
1937
9135
106
6296
6036
6514
3026
4722
5713
4546
6229
6346
433
1801
5919
4459
7504
7244
7239
7234
2086
5388
4055
2311
1018
397
3572
9808
2585
585
5678
7714
4032
7055
6317
3968
1928
7093
6134
2780
9405
6809
8783
4470
2773
9556
9345
7490
3886
5937
8644
491
6798
630
4465
7328
3401
974
8530
3946
262
8762
2531
6428
8045
1270
7010
1071
9854
7742
7694
5692
4479
4639
3153
4559
9918
9497
7401
9393
6714
1551
2696
5624
1173
4428
4938
1602
9797
8337
761
1833
6260
4693
4516
4235
7743
457
7086
8930
7434
9746
7619
5504
4429
687
2092
2384
2010
7197
6650
110
3501
4210
8475
3979
9994
7088
8419
8951
246
2560
9459
5165
8088
1695
5145
7908
7288
9975
5845
7296
3836
7839
618
2654
6113
2912
1417
4437
9571
9248
1640
5029
8086
6325
9133
2571
8271
4849
8191
63
7032
2285
8024
9250
2933
8377
7184
7467
3980
849
2785
8835
5635
9584
4973
4906
6086
7468
2449
2359
9642
8692
3585
9208
5969
8523
4567
4824
3138
3919
4219
4256
6316
2694
5295
9752
1220
3899
9617
522
4377
2576
6675
6961
9441
5695
9139
5870
9736
6362
1557
4909
6884
9406
9634
3849
4460
4422
3266
9263
6603
4067
673
839
1451
6853
172
1092
2351
2099
7258
3841
2077
5577
2115
8812
1241
785
9342
339
8959
3680
5712
1993
8169
2305
8076
4003
6995
9880
7633
8246
7179
6582
3944
2628
1999
286
8560
7331
464
5167
1454
7246
3482
3461
4592
2566
8139
9723
4354
1752
1337
3974
9721
6225
7488
8028
9224
2763
1363
2888
2257
1996
144
5938
2853
4079
4056
2596
5844
9624
8315
5382
6523
8975
759
3298
6902
7814
2244
8031
2118
8228
4545
4758
9581
2075
573
6586
4040
8493
3618
3051
9366
4203
7330
4126
6560
7318
891
9413
8827
7042
2635
661
6989
2395
4981
5493
8094
5728
2788
7236
1275
5589
2559
5264
5354
5747
1399
2980
2640
6875
299
3356
5768
1588
1180
2094
4111
9084
7478
1179
1880
2406
2896
7506
9014
681
4318
7636
252
7557
9785
3506
5102
1296
6497
9816
9194
7666
3746
2950
3543
2612
5046
7545
6152
8273
1028
9494
2741
2842
7099
5733
8526
2354
6986
4887
77
6684
9769
3277
4201
2203
8676
6895
8758
8164
6925
9475
9053
2575
2883
6959
6730
5277
6477
4640
3152
7974
9992
8907
3800
2029
6805
9272
8322
5784
3876
3795
4643
3384
2701
7890
3671
7274
1183
8731
5213
1240
3398
9240
6864
1649
8257
8514
7994
8300
968
1941
5272
7690
3400
9789
3481
534
334
7611
9286
5045
3008
3865
2667
5797
406
3019
5595
4866
2055
4171
3760
3852
320
4788
4127
5187
7998
8978
469
9614
6929
5909
6038
2973
7591
6739
9872
486
8639
3466
9046
5587
6404
8788
8911
4595
3775
3077
9103
7075
6572
7405
7190
824
5590
4792
8410
5655
9969
1829
7597
6919
7700
3010
7876
5267
3004
3177
3269
2289
6020
4186
9562
6050
1641
1237
4421
3985
596
86
5245
8457
2669
682
9338
6631
6174
5182
4254
3093
1160
8033
1407
1790
6783
1098
1301
9883
7464
2429
9400
1125
6266
610
4165
4564
4591
9856
9895
8723
9031
5605
4149
8918
8508
8365
1433
1988
8280
2270
5918
4244
565
9720
2461
2199
6417
4317
5971
7983
5825
5818
5395
5144
6967
644
3636
4267
2129
6380
2124
3719
6281
802
5367
6096
1224
9753
831
8657
5525
859
6091
169
9311
5786
1476
8945
5159
1464
1350
3820
3781
8699
509
5980
6598
4677
1302
2342
1453
5756
1233
9593
2650
9041
3409
8456
5787
4978
165
8085
9365
298
8954
7440
7102
9258
5352
3098
9655
6378
4414
322
6736
7975
1324
8003
1321
4447
7773
4915
4195
3467
8423
369
5473
8131
6315
6930
9322
7990
4920
7816
8720
1372
6058
9219
1500
1151
6460
6658
8548
9728
9761
4963
9990
8608
1625
3783
360
122
4188
6964
3512
3104
6237
892
5618
5563
1416
715
4951
6927
3217
6013
8829
2110
1456
6861
