1000
3096
-9760
-6296
-7419
436
287
-7890
-5469
-3212
-2308
5313
-3734
4931
-812
1795
5670
6
-7268
537
1346
-1811
7753
-5051
6225
5015
-1181
209
5591
3899
6158
7434
5673
9217
-2234
2474
9074
-6029
2977
-6206
-6997
959
1451
9987
9909
6654
4590
-9795
-6788
9820
3931
-4405
-8715
-3269
-2566
-2845
-5503
648
8308
-8154
-1015
-6940
9074
6755
2630
3159
4116
-9389
-3795
2869
-160
-2180
-6159
-6188
6985
-2022
-7851
-7640
-7929
-8826
5156
-8301
-6031
-6345
-303
-6306
8280
-3990
8775
-8291
4204
7916
6974
-4579
4081
-737
-8558
3993
-4817
2113
3596
5317
-3722
518
-5149
9
5305
9352
-3054
-563
-3326
3343
-1564
-7476
6879
-7879
7523
788
-8577
-9983
-7339
8486
138
-7930
8767
3449
-2399
1253
1023
6526
8217
-8806
9518
4943
9288
454
-4264
2826
-4173
-1082
-7944
4631
6993
-477
3504
9580
-8881
2471
-9164
-5984
-3690
835
4882
1827
-8634
-5233
-246
-4789
-9005
6578
84
-5157
1425
-4435
8625
-5545
-7900
8624
8998
-784
-3833
-637
4870
-2317
-2225
-6903
-7842
3884
-6071
1786
7016
-3395
-6843
-8711
8970
-1478
6668
-402
-5291
4826
5050
-5021
5969
-1708
-9799
-2699
7941
883
2541
-5550
8502
4166
-2881
-8198
-3267
-8869
4915
8083
-1628
-4977
4606
-8335
-446
6987
-7964
-9032
3426
-4153
2467
-112
6476
-8247
2135
5472
5320
9481
2742
-59
-6791
-3379
5213
-6843
-8723
-7581
-2495
-1194
5351
5321
-9735
776
1228
2175
3155
7821
9195
-6975
7885
-3892
4548
7155
-5305
7093
5154
-4025
4640
2951
5009
-8381
7248
-1627
-184
-5482
-5052
-2026
3528
5733
-8499
-7034
-2750
-2193
5163
-5860
-8773
3453
-2203
-7963
9258
2498
9240
-2711
6500
3995
605
1182
-3209
4217
-301
8162
-2729
3118
6955
-6308
9067
-9661
5207
5760
6036
-6645
9669
8802
7666
3138
1567
9871
9061
3297
5019
-720
1254
436
-348
-7453
4429
9301
51
-2410
-8353
627
-7011
-9472
4858
6899
-3687
-8105
-4250
6898
-8377
9104
-1992
-7864
3995
-770
-8548
-3593
9139
8614
8050
-2040
8846
-6513
-5347
-898
1418
4087
1717
-521
-2845
-1795
-7377
6029
5380
3160
8287
9057
3965
8153
4964
6313
-656
3256
3858
6898
8264
-9911
-5979
-3473
-9730
6822
-3488
-7073
-2526
928
-6720
-9425
5675
-2135
5056
-9907
7769
-5630
7630
1183
3433
2793
-2877
9566
-362
-6718
-172
6538
-9000
354
-1282
-5860
-9960
-135
-1363
2036
-2907
7204
7463
1792
-3554
-8917
3467
-4107
-8824
9668
1791
3378
-9175
-1349
-8829
3603
-3184
9773
-7291
-9454
-7762
-3055
6517
-4810
-2220
-8411
9767
-2747
-7818
-9572
-846
6553
6855
-4518
1922
9475
4036
-3989
-6443
-2172
4427
3883
-7505
4928
-9776
-8669
-9165
-7684
-752
-8312
-2664
-412
-5710
8261
-4410
-7396
-7847
-3232
5404
28
4088
-9574
-2598
829
8670
-4709
-4201
5031
8419
4561
-1092
-9361
-9438
-3038
-553
8359
5376
9377
-5577
6981
-8172
-707
-5993
591
3719
3591
3903
8716
4825
-2476
-9734
-7394
7844
6325
8229
4608
-1977
3499
6350
6292
-5049
1784
-9429
6416
5744
-7528
4068
9310
6532
3776
-698
8630
-171
1325
-1445
-7501
5095
-709
3800
2328
-6861
9843
1216
-7437
8523
1520
-9126
-977
5411
-3750
5936
6053
7223
1451
7727
5806
8445
4478
-1624
8326
-6380
4022
-8275
7276
-588
-7754
6003
1426
9310
-9131
-8363
477
-8722
6597
-2159
8899
2220
-6506
-2082
-6633
1609
9095
-5844
-2541
-8362
8564
-2766
-5849
1383
-8560
-2932
6559
3260
5950
-7754
8598
2451
-9406
4364
6587
-2810
9493
8710
-3342
5682
9361
5353
-8705
4888
3745
5063
2601
-7230
-3952
2293
-9655
-989
-4203
3969
-9539
8846
5898
-9247
-2913
9273
-4425
3277
3424
6291
252
7212
-6465
2709
3956
-9913
7514
-3253
-4088
4654
-1502
-8726
-1315
3643
-8999
2903
1090
-8262
7949
-757
1368
1775
-6691
-4733
223
6439
6119
-3821
-4911
887
-3521
-9694
-5278
-8308
5240
716
3082
1929
6580
-5561
4751
-3375
7721
-9893
-4005
-6658
-251
-519
-5954
-5985
-3888
-905
2808
7619
-9951
-6196
-2291
-9560
2372
-1907
-406
-1832
-1025
-8439
6566
-7102
8360
-6529
5358
5393
-890
-8890
-73
-2026
4002
3557
53
4543
-223
-3832
-4752
4054
5118
7953
-9793
-9905
300
2733
-7539
-4009
6644
3008
551
-5406
4126
3312
-3829
-1818
-6080
3153
-9850
-7278
-6513
-8012
6905
-2886
6802
-3571
960
4355
-9974
-1218
-1185
1197
-5635
7975
47
2202
9844
-8821
6183
-3440
6972
-8617
-1511
-1986
-1215
-6214
-2675
-8248
-5184
4122
174
-4185
-1460
8406
-9303
-6907
8333
2449
1466
-8053
2651
2940
9980
-1012
-1783
-7326
9276
-4430
6114
1259
-9723
-5726
5342
5290
-488
-6607
8115
1983
-1162
7811
1263
-4035
1143
-1686
-3471
7129
-6231
-4649
9401
2605
-4587
-3811
5242
696
-9034
7485
1057
5604
6614
8867
2866
-6802
8618
7556
-6277
-5942
-9419
-2988
9206
9523
5874
3693
-6995
8763
3090
-48
4853
-492
7481
-4454
8696
-4159
-7981
885
1996
-6942
8165
7464
8826
-9809
4243
2873
6971
3525
836
-5166
1910
-4997
-5408
-974
3561
6335
-6404
-3408
-4526
-7425
1051
-1019
-7668
-5864
8635
6199
7370
-676
-2545
-5195
7657
-9636
5676
484
-7398
-4132
-7048
-8325
-8769
478
9378
-681
-5280
7796
-9419
-808
-6614
-7907
8506
8381
9637
1520
2482
944
8337
3937
7815
9755
-4414
-3456
-436
-3005
-2429
-2923
9963
6103
5660
-902
-8178
-217
6521
-6604
-6724
3258
7369
-9208
7044
5507
7577
-8992
-2489
1927
6631
7016
-2383
-3873
-8928
-4734
430
2805
-809
-7991
2693
8718
-9870
-5731
-6147
-1418
3434
-9566
4115
8111
-4321
3578
-9244
-2039
-4430
-1440
-6503
-8505
-4913
-9230
-185
-8376
9066
6818
4536
-6281
-1751
378
-1993
9912
-4079
-8295
4413
-3950
3886
-6073
1691
-5143
-2017
1303
5875
4939
-6216
-6586
594
-7799
3954
5066
-803
6290
5340
-167
5571
7776
5323
-1654
-6885
730
1803
-8504
-9477
-7011
-204
-700
-5131
3737
9887
-5996
-8472
-6587
2732
-7897
-251
9196
-1113
-4960
-2900
-2697
-3827
879
-1954
7477
-1557
8195
-6055
4304
-8168
-568
-4507
-6110
3788
9280
-7729
-1385
