1000
6549
121
1853
1291
5219
5144
1056
2266
3395
3847
7657
3134
7466
4595
5898
7836
5004
1367
5269
5674
4095
8877
2475
8113
7508
4410
5105
7796
6950
8080
8718
7837
9609
3884
6238
9538
1986
6489
1898
1502
5480
5726
9994
9955
8328
7296
103
1607
9911
6966
2798
643
3366
3718
3578
2249
5325
9155
924
4493
1531
9538
8378
6316
6580
7059
306
3103
6435
4921
3911
1921
1907
8493
3990
1075
1181
1036
588
7579
850
1985
1828
4849
1848
9141
3006
9388
855
7103
8959
8488
2711
7041
4632
722
6997
2592
6057
6799
7659
3140
5260
2426
5005
7653
9677
3474
4719
3338
6672
4219
1263
8440
1061
8762
5395
712
9
1331
9244
5070
1036
9384
6725
3801
5627
5512
8264
9109
598
9760
7472
9645
5228
2869
6414
2914
4460
1029
7316
8497
4762
6753
9791
560
6236
419
2009
3156
5418
7442
5914
684
2384
4878
2606
498
8290
5043
2422
5713
2783
9313
2228
1051
9313
9500
4609
3084
4682
7436
3842
3888
1549
1080
6943
1965
5894
8509
3303
1579
645
9486
4262
8335
4800
2355
7414
7526
2490
7985
4147
101
3651
8971
5442
6271
2226
9252
7084
3560
902
3367
566
7458
9042
4187
2512
7304
833
4778
8494
1019
485
6714
2924
6234
4945
8239
877
6068
7737
7661
9741
6372
4971
1605
3311
7607
1579
639
1210
3753
4404
7676
7661
133
5389
5615
6088
6578
8911
9598
1513
8943
3055
7275
8578
2348
8547
7578
2988
7321
6476
7505
810
8625
4187
4909
2260
2475
3988
6765
7867
751
1484
3626
3904
7582
2071
614
6727
3899
1019
9630
6250
9621
3645
8251
6998
5303
5592
3396
7109
4850
9082
3636
6560
8478
1847
9534
170
7604
7881
8019
1678
9835
9402
8834
6570
5784
9936
9531
6649
7510
4641
5628
5219
4827
1274
7215
9651
5026
3796
824
5314
1495
265
7430
8450
3157
948
2876
8450
812
9553
4005
1069
6998
4616
727
3204
9570
9308
9026
3981
9424
1744
2327
4552
5710
7044
5859
4740
3578
4103
1312
8015
7691
6581
9144
9529
6983
9077
7483
8157
4673
6629
6930
8450
9133
45
2011
3264
136
8412
3257
1464
3738
5465
1641
288
7838
3933
7529
47
8885
2186
8816
5592
6717
6397
3562
9784
4820
1642
4915
8270
501
5178
4360
2071
21
4933
4319
6019
3547
8603
8732
5897
3224
542
6734
2947
589
9835
5896
6690
413
4326
586
6802
3409
9887
1355
274
1120
3473
8259
2596
3891
795
9884
3627
1092
215
4578
8277
8428
2742
5962
9738
7019
3006
1779
3915
7214
6942
1248
7465
113
666
418
1159
4625
845
3669
4795
2146
9131
2796
1303
1077
3385
7703
5015
7045
214
3702
5415
9336
2646
2900
7516
9210
7281
4455
320
282
3482
4724
9180
7689
9689
2212
8491
915
4647
2004
5296
6860
6796
6952
9359
7413
3763
134
1304
8923
8163
9115
7305
4012
6750
8176
8147
2476
5893
286
8209
7873
1237
7035
9656
8267
6889
4652
9316
4915
5663
4278
1250
7548
4646
6901
6165
1570
9922
5609
1282
9262
5761
438
4512
7706
3126
7969
8027
8612
5726
8864
7904
9223
7240
4189
9164
1811
7012
863
8639
4707
1124
8002
5714
9656
435
819
5239
640
8299
3921
9450
6111
1748
3960
1684
5805
9548
2079
3730
820
9283
3618
2076
5692
721
3535
8280
6631
7976
1124
9300
6226
298
7183
8294
3596
9747
9356
3330
7842
9681
7677
648
7445
6873
7532
6301
1386
3025
6147
173
4506
2899
6985
231
9424
7950
377
3544
9637
2788
6639
6713
8146
5127
8607
1768
6355
6979
44
8758
3374
2957
7328
4250
638
4343
6822
501
6452
5546
870
8975
4622
5685
5888
1655
2634
5112
8220
8060
3090
2545
5444
3240
154
2362
847
7621
5359
6542
5965
8291
2220
7376
3313
8861
54
2998
1672
4875
4741
2024
2008
3057
4548
6405
8810
25
1903
3855
221
6187
4047
4798
4085
4488
781
8284
1450
9181
1736
7680
7697
4556
556
4964
3988
7002
6779
5027
7272
4889
3085
2625
7028
7560
8977
104
48
5151
6367
1231
2996
8323
6505
5276
2298
7064
6657
3086
4092
1961
6577
76
1362
1744
995
8453
3558
8402
3215
5481
7178
14
4392
4408
5599
2183
8988
5024
6102
9923
590
8092
3281
8487
692
4245
4008
4393
1894
3663
877
2409
7062
5088
2908
4271
9204
349
1547
9167
6225
5734
974
6326
6471
9991
4495
4109
1338
9639
2786
8058
5630
139
2138
7672
7646
4757
1697
9058
5992
4420
8906
5632
2983
5572
4158
3265
8565
1885
2676
9701
6303
2707
3095
7622
5349
484
8743
5529
7803
8308
9434
6434
1600
9310
8779
1862
2030
291
3507
9604
9762
7938
6847
1503
9382
6546
4977
7427
4755
8741
2774
9349
2921
1010
5443
5999
1530
9083
8733
9414
96
7122
6437
8486
6763
5419
2418
5956
2502
2297
4514
6781
8168
1799
3297
2738
1288
5526
4491
1167
2069
9318
8100
8686
4663
3728
2403
8829
183
7839
5243
1302
2935
1477
838
616
5240
9690
4660
2361
8899
291
4597
1694
1047
9254
9191
9819
5761
6242
5473
9169
6969
8908
9878
2794
3273
4783
3498
3786
3539
9982
8052
7831
4550
912
4892
8261
1699
1639
6630
8685
397
8523
7754
8789
505
3756
5964
8316
8509
3809
3064
537
2634
5216
6403
4596
1005
6347
9360
66
2135
1927
4292
6718
218
7058
9056
2840
6790
379
3981
2786
4281
1749
748
2544
386
4908
813
9534
8410
7269
1860
4125
5190
4004
9957
2961
853
7207
3026
6944
1964
5846
2429
3992
5652
7938
7470
1893
1708
5298
1101
6978
7534
4599
8146
7671
4917
7786
8889
7662
4174
1558
5366
5902
749
262
1495
4899
4651
2435
6869
9944
2003
765
1707
6367
1052
4875
9599
4444
2521
3551
3652
3087
5440
4024
8739
4222
9098
1973
7153
917
4717
2747
1946
6895
9641
1136
4308
